1000 117 0.14559878926564945 2
1971 134 0.260962515636273 2
2897 65 0.7480524465029303 2
3828 67 0.43475148736375757 2
8616 135 0.6095038579188747 2
10496 8 0.007588697513143838 1
11471 30 0.35371206932719207 2
15218 39 0.49597114835061823 2
16216 240 0.431508341958998 2
17179 18 0.7725946552713523 2
18135 2 0.5418817417069627 2
19038 66 0.6178331134542925 2
20006 62 0.0036288195103073573 1
20953 163 0.43001895892780306 2
21856 315 0.027066938282651165 2
22800 93 0.6522434223194882 2
23797 380 0.7455847460346383 2
24712 4 0.6650543689388713 2
26586 188 0.20496186797226223 2
27564 10 0.003257234134402709 1
28529 10 0.153315072759722 2
30407 49 0.8085767964496823 2
31345 145 0.4934643062558482 2
33222 116 0.0020535641668289473 1
34170 91 0.38738915091209286 2
35142 231 0.6649980988298135 2
36044 263 8.316526559477566E-4 1
37041 71 0.4478807820867985 2
37964 59 0.7240857051449732 2
38919 211 0.7982399969491963 2
39906 191 0.5414370305466337 2
43778 167 0.5582857284708067 2
44725 186 0.254678704091204 2
45678 32 0.010758787684905846 1
46582 106 0.6784338843178189 2
48492 1 0.24831909557367904 2
49434 296 0.6385009113652445 2
50374 166 0.43827943436693195 2
51283 61 0.7761088356396425 2
52226 112 0.0015091418584533556 1
53188 80 0.32583782566918806 2
58877 308 0.7379814724654667 2
59785 7 0.6706065931115525 2
63581 4 0.29561030274723943 2
65466 119 0.052737892599562686 2
69212 11 0.7879468126245128 2
71118 1 0.008368427083939367 1
72071 10 0.9109851073455244 2
73049 249 0.9701028302493282 2
74004 124 0.15076972512718229 2
74903 15 0.7725946552713523 2
75804 130 0.633528632079079 2
76734 185 0.4596993780382584 2
79646 130 6.33413468046351E-5 1
80605 468 0.5990719910317384 2
82482 194 0.6863458933991282 2
83393 45 0.8330423110539895 2
84323 267 0.8403694766062593 2
85236 109 0.7294813250264347 2
86215 233 0.0759868247425664 2
90070 320 0.3145117447336705 2
91011 82 0.804296975786337 2
92850 211 0.44245216403195337 2
93792 328 0.7369111531421304 2
94713 10 0.6779512567801234 2
95626 12 0.36438069943191737 2
96608 63 4.337352989359222E-4 1
98480 315 0.42553949828080706 2
99442 124 0.6853438413885098 2
100396 136 0.01316251579365435 1
102250 15 0.6395721883976908 2
103155 155 0.46394885142550923 2
104123 35 0.7651454890256956 2
108804 72 0.0031532953665688312 1
110765 17 0.26729275555120047 2
113666 116 0.1614277428270211 2
114577 280 0.6449632941103165 2
115485 295 0.7284343970285108 2
117313 123 0.29520969221086896 2
122043 121 0.16369504175131533 2
122971 10 0.0018290460382824891 1
123872 7 0.5860178594348054 2
124817 221 0.7758934734545158 2
125794 10 0.996979151302866 2
126694 56 0.1665774122288406 2
127643 50 0.3583216228258651 2
128568 258 0.3169595025063556 2
130430 10 0.0013229474494287352 1
131419 81 0.02741467257949054 2
133345 25 0.2686201047931923 2
135213 11 0.8801188678605021 2
137158 168 0.720493971381909 2
138084 53 0.40901338743353793 2
139060 4 2.7449565675241594E-5 1
140042 528 2.87087793526819E-6 1
140085 1726 0.0031972862733767315 1
140945 102 0.45719357976318925 2
141856 4 0.5418817417069627 2
142820 6 0.7653542151621171 2
143755 10 0.7811146218758827 2
144755 282 0.48381456758004204 2
146675 3 0.013827580459970623 1
148615 109 0.661828657933082 2
150529 99 0.7353928503823302 2
151477 4 0.7273102432293415 2
153368 156 0.38274277776812693 2
156319 153 0.12374705053891871 2
157303 162 0.1366231799064096 2
158292 7 6.224806053517495E-4 1
159278 196 0.02082038913962536 1
160213 148 0.9315004767959306 2
161193 119 0.04612645287296058 2
162126 103 0.002076329324529058 1
164866 51 0.7392640113156275 2
165809 109 0.13938798957340254 2
166794 52 7.976935318609879E-5 1
169634 8 0.40066492528576225 2
170563 198 0.5080260668282619 2
172489 45 0.8225240689727903 2
175236 129 0.06962596377351848 2
177158 310 0.49181789561877204 2
179024 103 0.863288593363705 2
180939 156 0.771489000536246 2
181842 431 0.6526328047427945 2
182745 82 0.8937905455313284 2
184634 12 0.8002644311468451 2
185570 10 0.14666082140026332 2
187453 68 2.672493310134638E-4 1
189271 458 0.6371045369708086 2
190238 40 0.5049495526781246 2
192177 13 0.7125276584345535 2
193108 49 0.37832618469973645 2
195075 41 0.8991158966817283 2
195996 149 0.018579723381024427 1
199845 68 0.04825202751602908 2
201746 143 0.9108886170313929 2
202702 6 0.8002644311468451 2
204539 206 0.6958680788690416 2
205496 145 0.3499376887893122 2
206487 276 0.7000509608465763 2
207405 10 0.012233449334818125 1
208316 81 0.11210066487180981 2
209231 21 0.5405333312363647 2
210157 18 0.5292799040033997 2
211155 138 0.44109025394473184 2
212055 135 0.10610706799127739 2
213961 110 0.02909838462972203 2
214902 3 0.006430682043425895 1
217749 105 0.6617055366155817 2
217786 33 0.010199817019493351 1
218656 79 0.7102494725655034 2
219563 150 0.4337064878702127 2
221481 24 0.2227190036886716 2
222425 79 3.385226341424685E-4 1
224299 17 0.5962678461736826 2
225237 148 0.38435720826475744 2
227132 283 0.09170093492345505 2
229103 36 0.5824837215616281 2
230969 123 0.48201876443249586 2
231919 197 0.15812874697347945 2
234735 6 0.002396694186520998 1
235695 188 0.7237673874814224 2
236617 5 0.3055429923603448 2
237573 63 0.7746399968134945 2
238507 10 0.965454539359508 2
239426 112 0.2744169573198399 2
241356 66 8.774912031994653E-7 1
242252 8 0.21569088221505517 2
243245 55 0.642804498662492 2
246140 124 0.4969601002250954 2
247116 148 0.07362360127319906 2
248093 5 0.23936925692414013 2
250922 117 0.4139206502513763 2
251844 71 0.04135991588334359 2
253784 9 0.6371954565611297 2
254705 142 0.044950472089614946 2
255628 192 0.7263213628457692 2
256556 37 0.5119496687060408 2
257520 346 0.56973945292123 2
258430 17 0.004629750108424979 1
259346 82 0.23049270419394585 2
260275 40 0.6386815400367586 2
261176 8 0.7390367000506155 2
262125 17 0.24566841183695792 2
263065 110 0.8467232935178726 2
264023 75 0.08705117817233837 2
265897 44 1.6824280949290227E-5 1
267850 108 0.7373159495244561 2
269778 98 0.49606052789766475 2
273651 143 0.7155819909747507 2
274623 36 0.7259913422567837 2
277508 25 0.30754715053643333 2
278432 107 0.022306113603394462 1
279371 65 0.30247103357435623 2
281236 72 0.7952364288851874 2
283132 4 0.6779512567801234 2
284116 101 0.6332422107290177 2
285045 117 0.7587493016168074 2
286033 10 0.38967332606373084 2
287026 14 0.051777026476046706 2
288020 39 1.1710018835597857E-5 1
289891 103 0.008180713515373528 1
291846 16 0.2655694105318762 2
292816 71 0.7339487562001272 2
294690 12 0.935806038095438 2
295671 165 0.011510933536081347 1
296615 53 0.3556496627965483 2
297537 88 0.4329324349987522 2
300391 6 0.6693759578674305 2
301358 16 0.6585309560761968 2
302336 165 0.1869712981215672 2
305170 134 0.2732200723211303 2
306155 64 0.0018872299873302634 1
308983 323 0.6247313737240001 2
310912 137 0.34359134664189805 2
313852 40 0.26791453823074196 2
313940 78 0.02517627874265116 2
314766 80 0.04097426060690773 2
315673 80 0.925011776762638 2
316624 74 3.832309382750809E-5 1
317553 6 0.579385865730818 2
318468 39 0.8323089867641501 2
320295 123 0.563674162736431 2
321216 149 0.008589375718644765 1
322197 69 8.06307191982103E-4 1
324091 26 3.546045200527592E-4 1
325002 79 0.48610545990618487 2
326898 91 0.7350712786786758 2
328743 83 0.6022105934684965 2
330609 266 0.6600557785342647 2
331589 54 0.5565299706482647 2
332581 2 0.42847185834467333 2
333529 5 0.0264502925624851 2
335340 93 0.5826834097252849 2
336248 135 0.8064166940482389 2
337225 100 0.847825463358391 2
338175 3 0.5134877357240466 2
339127 4 0.7390367000506155 2
340122 2 0.6779512567801234 2
341074 159 0.11603967155264566 2
342049 22 0.8398731359312417 2
344015 398 0.7760420210173345 2
344994 165 0.7861875822352469 2
345908 176 0.156871831955971 2
346830 1 0.7725946552713523 2
349650 334 0.602019917004527 2
351604 6 0.3914994020806529 2
352520 60 1.600729231271414E-4 1
353504 52 0.4360255753166787 2
354437 231 0.2701218891415153 2
355391 40 0.3156209013710389 2
357249 44 0.00232499148108406 1
359072 171 0.2713133419075578 2
361919 8 0.7779413557622437 2
362829 28 0.14179920063288143 2
363786 64 0.6420175565961124 2
364691 46 9.705277529598044E-5 1
365679 163 0.03162329175792106 2
367614 7 0.8538865873991899 2
368605 260 0.9316863868472094 2
369575 59 0.5595888616350964 2
378223 102 3.531240905241262E-8 1
379161 65 4.785618057390195E-8 1
380952 4 0.6779512567801234 2
381913 52 0.004836471682935162 1
383846 4 0.5134877357240466 2
388485 173 0.34301556717132226 2
389400 82 0.4947427473107096 2
392256 52 0.6519598350509842 2
393160 24 0.1970396105248593 2
394100 431 0.31392750915221507 2
396005 248 0.012435937595182078 1
396926 69 0.025847798644172082 2
397916 128 0.7887392145951928 2
398903 43 0.5998175326817952 2
399901 118 0.21622235396549822 2
